NWPU/positive/001.jpg 563,478,630,573,0
NWPU/positive/002.jpg 575,114,635,162,0 72,305,133,369,0 210,317,273,384,0 306,374,344,420,0 447,531,535,632,0 546,605,625,707,0 632,680,720,790,0
NWPU/positive/004.jpg 227,106,268,155,0 318,126,370,185,0 445,88,516,168,0 363,336,438,420,0 455,331,529,415,0 68,316,170,411,0 69,423,180,525,0
NWPU/positive/005.jpg 401,596,443,636,0 606,138,668,199,0
NWPU/positive/006.jpg 135,412,182,472,0 295,420,347,470,0 369,363,415,419,0 444,320,534,432,0 608,171,704,255,0 656,62,754,157,0 317,555,386,627,0 479,695,542,769,0
NWPU/positive/008.jpg 208,361,272,418,0 234,429,289,481,0 322,473,376,540,0 313,631,384,697,0
NWPU/positive/009.jpg 167,184,232,241,0 423,146,456,174,0 652,73,694,123,0 726,223,786,289,0 627,508,680,560,0 556,519,606,579,0
NWPU/positive/010.jpg 221,53,265,95,0 147,254,192,297,0 442,631,493,685,0 657,485,736,564,0 846,77,925,149,0 210,349,261,397,0
NWPU/positive/011.jpg 182,251,280,347,0 286,226,378,322,0 403,178,453,222,0 635,149,731,241,0 664,245,775,344,0 696,346,807,439,0 752,451,820,514,0 736,531,817,608,0 683,590,739,644,0
NWPU/positive/012.jpg 537,163,587,209,0 332,686,376,735,0
NWPU/positive/013.jpg 55,9,168,114,0 79,133,160,203,0 72,230,163,320,0 61,325,166,427,0 65,437,169,536,0 287,74,380,168,0 280,191,386,296,0 283,321,390,423,0 285,435,390,540,0 474,211,578,312,0 562,60,668,158,0 564,332,668,424,0 567,437,665,531,0
NWPU/positive/014.jpg 44,259,123,334,0 292,313,371,400,0 360,245,443,323,0 437,171,513,245,0 507,96,585,172,0 579,31,660,109,0 740,65,811,140,0 660,275,736,356,0 921,159,1007,256,0 843,332,944,438,0
NWPU/positive/015.jpg 44,294,147,389,0 148,289,247,389,0 386,479,505,587,0 534,30,634,138,0 631,23,729,124,0 773,340,873,441,0 731,29,823,118,0
NWPU/positive/017.jpg 52,515,152,594,0 233,393,312,452,0 258,472,333,529,0 272,546,368,622,0 175,109,258,187,0 463,9,543,93,0 521,124,618,197,0 451,229,535,311,0 773,352,856,425,0 891,282,973,370,0 387,382,443,429,2 403,437,459,478,2 423,489,475,527,2 466,355,530,403,2 490,417,555,467,2 523,324,588,374,2 548,384,614,437,2 615,291,673,332,2 634,343,693,383,2 654,389,711,435,2
NWPU/positive/018.jpg 59,332,152,420,0 69,427,172,514,0 88,532,180,614,0 226,211,338,302,0 378,23,458,98,0
NWPU/positive/019.jpg 40,302,99,362,0 342,289,396,358,0 529,277,605,345,0 637,274,694,336,0 739,272,792,340,0 834,268,893,340,0
NWPU/positive/020.jpg 50,189,116,275,0 141,240,227,318,0 191,300,238,369,0 259,300,316,363,0 340,273,413,356,0 495,171,589,273,0 608,169,704,262,0 783,243,879,353,0 958,202,1035,287,0 1050,144,1141,252,0
NWPU/positive/021.jpg 108,60,192,154,0 204,58,313,160,0 327,46,432,151,0 444,69,543,169,0 556,91,651,181,0 658,67,765,172,0 792,81,882,172,0 903,57,1032,180,0 1035,70,1140,184,0 1146,78,1251,181,0 48,222,160,321,0 106,493,207,577,0 103,607,220,703,0 106,727,205,814,0 780,470,835,528,2 815,520,870,570,2 730,500,790,558,2 760,550,815,604,2 660,545,706,590,2 690,592,736,638,2 618,572,664,615,2 650,620,692,665,2 578,600,620,641,2 606,646,650,690,2 488,485,528,520,2 470,450,500,485,2
NWPU/positive/022.jpg 31,137,88,211,0 168,139,222,204,0 228,131,309,212,0 325,140,385,201,0 517,116,585,186,0 760,114,830,183,0 1023,98,1079,161,0 1008,12,1086,64,0 36,302,99,378,0 254,286,323,360,0 345,284,401,355,0 542,268,610,344,0 633,262,702,337,0 732,334,797,400,0 882,369,961,426,0 988,250,1055,324,0 1069,241,1137,322,0
NWPU/positive/023.jpg 50,725,97,771,0 360,481,410,539,0 520,369,565,421,0 571,330,617,381,0 561,620,611,682,0
NWPU/positive/024.jpg 34,120,95,189,0 104,119,163,184,0 172,111,230,175,0 243,113,300,175,0 307,108,369,170,0 377,101,439,162,0 450,94,503,156,0 508,88,562,143,0 644,88,695,152,0 702,80,754,143,0 763,77,815,139,0 826,80,882,143,0 885,74,939,137,0 942,69,998,131,0 1005,65,1059,127,0 1073,66,1123,126,0 84,274,140,343,0 287,264,356,336,0 372,268,419,332,0 607,252,668,306,0 746,223,814,294,0 899,235,951,296,0 959,220,1026,290,0 1034,225,1091,288,0 1106,211,1157,277,0 795,334,878,391,0
NWPU/positive/025.jpg 58,155,104,215,0 191,150,248,212,0 258,119,319,190,0 475,120,521,178,0 523,92,600,167,0 608,105,655,162,0 662,72,749,159,0 772,54,867,144,0 891,77,971,153,0 875,299,950,354,0
NWPU/positive/027.jpg 39,120,108,197,0 135,114,207,189,0 218,113,286,178,0 298,110,366,188,0 382,113,449,187,0 597,101,669,175,0 774,97,844,166,0 938,83,1002,157,0 965,31,1047,94,0 82,488,150,544,0 165,461,234,535,0 244,450,325,549,0 349,456,432,550,0 462,446,543,544,0 595,439,682,530,0 695,440,780,535,0 805,435,887,530,0 907,419,1007,532,0 1014,432,1068,487,0 478,214,546,290,0 475,350,544,398,0
NWPU/positive/028.jpg 92,454,197,550,0 400,19,508,131,0 374,344,486,460,0 375,481,457,560,0 540,374,619,434,0 541,495,651,613,0 665,326,740,418,0 815,390,869,475,0 902,400,959,480,0
NWPU/positive/029.jpg 66,186,142,272,0 204,191,268,260,0 297,190,361,261,0 374,197,433,255,0 448,199,505,251,0 621,194,686,256,0 27,417,104,501,0 142,419,242,524,0 262,420,341,510,0 364,422,443,518,0 587,438,641,501,0
NWPU/positive/030.jpg 92,178,154,233,0 191,180,240,235,0 261,182,320,236,0 404,184,454,232,0 563,184,623,236,0 633,186,697,239,0 774,183,831,232,0 61,349,121,406,0 219,347,283,406,0 563,378,628,446,0 657,362,703,423,0 740,353,788,417,0 920,345,981,409,0
NWPU/positive/031.jpg 167,74,240,162,0 265,86,344,175,0 68,440,141,520,0 149,413,224,491,0 254,407,326,483,0 353,410,438,500,0 453,412,537,503,0 707,422,788,516,0 810,434,883,511,0
NWPU/positive/032.jpg 21,258,97,333,0 109,216,180,288,0 209,262,281,346,0 297,219,368,288,0 436,258,507,347,0 508,229,582,294,0 613,279,691,357,0 682,232,757,300,0 796,282,874,352,0 861,235,934,302,0 975,285,1056,364,0 1038,243,1107,311,0
NWPU/positive/033.jpg 105,43,198,132,0 99,176,191,266,0 90,289,182,377,0 368,35,450,115,0 291,326,389,412,0 342,424,429,513,0 341,520,425,603,0
NWPU/positive/034.jpg 32,290,82,353,0 199,229,246,281,0 252,180,303,240,0 367,102,410,149,0 548,257,597,317,0 456,281,533,375,0 168,507,244,598,0 106,606,154,666,0
NWPU/positive/037.jpg 300,17,405,112,0 201,80,292,171,0 115,173,205,267,0 149,366,215,442,0 235,338,328,431,0 341,300,440,397,0 453,269,546,371,0 564,253,657,355,0 685,243,788,345,0 155,550,233,639,0 344,522,410,603,0 445,532,539,640,0 563,524,673,642,0 697,490,795,613,0 816,478,905,573,0 933,456,1017,556,0
NWPU/positive/038.jpg 74,61,152,167,0 70,248,156,333,0 74,441,182,537,0 256,53,337,145,0 332,175,423,262,0 321,263,429,351,0 337,354,422,440,0 350,534,437,620,0 626,95,709,169,0 624,169,706,258,0 635,331,743,432,0 774,28,851,122,0 847,229,956,321,0 858,404,966,490,0
NWPU/positive/039.jpg 38,118,150,193,0 23,485,120,555,0 474,125,565,195,0 450,178,549,248,0 473,336,565,410,0 454,400,551,463,0 454,503,552,572,0 472,556,565,627,0 938,31,1033,105,0
NWPU/positive/041.jpg 38,256,120,343,0 202,266,287,355,0 341,237,430,347,0 483,223,571,320,0 624,196,713,315,0 771,194,855,294,0 913,182,999,276,0
NWPU/positive/042.jpg 275,124,347,186,0 315,193,385,255,0 339,284,407,343,0 341,379,420,445,0 351,467,428,533,0 619,145,693,218,0 625,236,699,308,0
NWPU/positive/044.jpg 25,193,84,243,0 81,112,153,173,0 121,40,201,107,0 216,44,264,100,0 292,31,363,101,0 378,29,439,90,0 38,287,115,368,0 117,326,187,411,0 206,216,290,278,0 320,174,380,243,0 407,166,468,231,0 479,160,559,246,0 579,172,639,236,0 655,155,733,236,0 862,190,910,249,0 357,363,432,451,0 454,361,531,448,0 539,358,626,450,0 375,514,463,612,0 481,513,558,596,0 579,511,658,607,0 638,367,721,445,0 674,515,755,606,0 768,506,853,605,0 885,363,941,424,0
NWPU/positive/045.jpg 264,92,368,189,0 585,113,646,172,0 642,518,702,574,0 651,647,709,702,0
NWPU/positive/046.jpg 59,254,138,303,0 92,327,167,375,0 449,354,548,422,0 539,503,627,573,0 639,209,711,264,0 795,48,875,110,0
NWPU/positive/047.jpg 83,84,159,144,0 38,177,152,266,0 41,290,159,380,0 66,414,129,480,0 23,486,102,543,0 17,567,102,626,0 344,32,419,90,0 324,113,408,172,0 335,195,423,255,0 314,342,392,406,0 290,429,383,491,0 336,510,425,570,0 233,564,290,647,0 348,579,426,663,0 744,90,819,144,0 737,168,807,222,0 723,245,800,296,0 681,312,750,383,0 699,398,785,459,0 693,537,770,599,0 695,624,770,692,0 780,633,852,687,0 989,12,1074,77,0 954,99,1043,156,0 1001,165,1085,222,0 1008,246,1085,320,0 950,357,1058,417,0 1008,437,1101,494,0 1023,519,1094,578,0 1025,620,1088,699,0 1121,225,1187,312,0
NWPU/positive/048.jpg 118,65,229,146,0 142,173,215,232,0 28,223,135,344,0 312,40,394,101,0 321,122,398,179,0 347,297,418,358,0 186,479,258,542,0 584,531,660,595,0
NWPU/positive/050.jpg 79,286,142,342,0 159,284,211,354,0 230,270,291,337,0 308,271,367,344,0 464,262,524,324,0 507,201,578,263,0 623,81,689,134,0 652,12,729,79,0 56,525,109,579,0 200,548,264,613,0 360,588,415,628,0 696,296,768,353,0 756,231,818,299,0 1020,398,1085,471,0
NWPU/positive/051.jpg 50,69,129,136,0 65,249,159,341,0 183,278,232,335,0 260,258,350,354,0 365,251,431,302,0 407,149,495,228,0 523,70,611,174,0 634,94,688,166,0 708,105,761,165,0 793,93,866,192,0 886,103,938,171,0 960,106,1013,182,0 60,496,140,585,0 150,479,230,573,0 254,489,332,575,0 362,563,417,603,0 695,318,749,377,0 762,322,811,382,0 830,324,874,383,0 890,329,938,382,0 692,526,738,572,0 816,533,868,576,0
NWPU/positive/052.jpg 44,100,154,173,0 49,221,160,303,0 72,355,165,423,0 348,205,442,279,0 366,461,459,528,0 610,61,698,120,0 621,187,701,243,0 641,319,709,372,0 641,413,715,469,0
NWPU/positive/053.jpg 54,63,126,128,0 54,228,125,293,0 51,399,122,463,0 50,486,135,552,0 285,155,367,204,0 291,346,355,387,0 279,413,359,462,0 310,504,370,549,0 387,234,444,316,0 478,89,532,167,0 553,294,640,341,0 573,361,639,406,0 589,426,651,470,0 817,173,884,240,0 817,308,873,348,0 807,374,869,413,0 837,503,890,552,0 920,496,968,554,0
NWPU/positive/056.jpg 278,478,324,512,0 133,719,188,784,0 253,729,324,793,0 226,662,301,728,0 260,606,314,676,0 319,585,381,658,0 492,604,570,707,0 618,656,691,719,0 605,736,678,801,0
NWPU/positive/057.jpg 71,326,128,381,0 566,580,635,633,0 634,442,688,504,0 850,244,914,302,0 861,325,924,384,0
NWPU/positive/058.jpg 141,333,209,393,0 228,350,297,409,0 77,461,150,528,0 168,477,242,545,0 20,557,90,616,0 343,511,416,578,0 361,622,414,711,0 435,636,488,722,0 528,653,573,718,0 597,428,642,485,0 662,437,701,491,0 824,565,900,629,0
NWPU/positive/059.jpg 66,300,154,380,0 436,302,474,345,0 550,142,589,198,0 529,229,567,273,0 570,238,608,280,0 782,445,865,526,0 759,559,845,631,0 757,626,829,694,0
NWPU/positive/060.jpg 83,632,176,708,0 527,66,595,115,0
NWPU/positive/061.jpg 764,206,821,254,0 712,288,820,379,0 667,387,748,455,0 575,581,657,655,0
NWPU/positive/062.jpg 357,521,433,590,0 846,394,938,503,0
NWPU/positive/064.jpg 199,452,251,500,0 396,93,430,125,0
NWPU/positive/065.jpg 362,191,419,253,0 437,253,465,289,0 250,544,285,580,0 192,599,263,665,0 141,660,194,711,0
NWPU/positive/066.jpg 263,390,352,498,0 371,433,445,526,0 496,371,587,471,0 695,512,791,629,0
NWPU/positive/067.jpg 207,676,293,757,0 486,98,533,145,2 509,153,556,202,2 541,74,590,122,2 566,128,613,179,2 602,53,645,97,2 626,109,671,154,2 658,30,704,74,2 681,84,727,132,2
NWPU/positive/069.jpg 208,540,268,595,0 441,501,472,530,0 565,288,618,339,0 651,430,689,479,0 719,575,775,645,0
NWPU/positive/070.jpg 377,40,409,73,0 60,144,95,181,0 98,178,172,241,0 142,249,199,298,0 232,367,288,416,0 381,553,461,633,0 444,660,484,705,0
NWPU/positive/071.jpg 40,82,102,134,0 74,134,147,194,0 170,253,221,303,0 211,308,276,368,0 382,227,416,262,0 430,290,468,323,0 409,540,449,590,0 486,510,526,551,0 555,421,603,483,0 632,633,687,699,0 691,584,745,649,0
NWPU/positive/072.jpg 425,173,470,222,0 405,392,452,447,0 560,465,606,528,0
NWPU/positive/073.jpg 158,371,209,436,0
NWPU/positive/074.jpg 348,311,393,359,0 634,412,679,467,0 615,636,660,678,0
NWPU/positive/075.jpg 159,315,234,387,0 486,435,533,479,0 726,435,803,508,0 791,512,878,595,0
NWPU/positive/077.jpg 369,518,401,552,0 401,396,457,447,0 678,75,719,117,0 691,309,729,352,0 745,291,789,336,0 800,277,843,322,0
NWPU/positive/078.jpg 304,66,385,151,0 402,45,455,100,0 313,488,370,537,0 417,542,470,599,0
NWPU/positive/079.jpg 164,95,240,168,0 512,474,578,567,0
NWPU/positive/080.jpg 236,116,312,188,0 452,290,544,366,0 517,370,588,437,0
NWPU/positive/082.jpg 864,118,924,185,3 825,495,906,583,3
NWPU/positive/084.jpg 583,233,687,343,3 490,395,585,481,4 471,446,574,528,5
NWPU/positive/086.jpg 903,79,996,176,3 104,470,167,541,3 36,611,68,667,4 68,611,98,667,4 98,611,128,667,4 128,611,159,667,4
NWPU/positive/087.jpg 478,201,547,257,3 581,276,645,333,3 714,332,782,392,3 481,392,585,488,3
NWPU/positive/088.jpg 504,19,569,63,3 602,106,670,158,3 568,505,648,576,3
NWPU/positive/089.jpg 494,274,565,356,3
NWPU/positive/090.jpg 773,73,864,175,3 884,164,983,262,3
NWPU/positive/091.jpg 490,214,605,329,3
NWPU/positive/092.jpg 356,90,426,162,3 262,132,333,207,3 478,354,577,452,3 372,412,467,511,3 564,440,690,577,3 425,508,550,634,3
NWPU/positive/094.jpg 294,73,399,181,3 271,448,379,561,3 54,26,104,95,4 54,100,104,173,4 60,176,105,249,4 65,254,109,329,4
NWPU/positive/096.jpg 341,285,430,380,3 535,417,618,503,3 186,254,320,390,5
NWPU/positive/097.jpg 61,255,133,330,3 387,205,460,286,3 327,345,399,422,3 197,406,261,475,3 844,315,906,381,3 941,508,1016,585,3
NWPU/positive/098.jpg 232,207,315,296,3 589,92,673,181,3 505,300,581,383,3 387,449,456,520,3 577,553,645,623,3 769,353,846,435,3
NWPU/positive/099.jpg 191,459,276,548,3 537,317,624,406,3 471,532,549,614,3 740,564,817,643,3 491,128,637,271,5
NWPU/positive/101.jpg 78,38,161,127,3 293,143,379,230,3 202,288,285,376,3 859,392,943,484,3 898,592,984,680,3
NWPU/positive/103.jpg 96,321,211,400,3 349,225,467,302,3 594,337,667,386,3
NWPU/positive/104.jpg 49,37,110,98,3 165,82,238,162,3 587,409,651,471,3 716,481,765,530,3 622,599,686,665,3 923,44,1013,130,3
NWPU/positive/105.jpg 771,86,881,209,3 482,115,781,447,6
NWPU/positive/106.jpg 302,248,402,348,3
NWPU/positive/107.jpg 543,148,642,258,3 488,383,587,493,3
NWPU/positive/108.jpg 161,100,259,197,3 737,144,830,236,3 490,273,586,365,3 299,455,394,548,3
NWPU/positive/110.jpg 442,267,572,380,3
NWPU/positive/111.jpg 143,184,216,264,3 770,366,886,506,3
NWPU/positive/112.jpg 512,56,566,108,3 365,124,437,196,3 490,172,550,235,3 510,248,582,317,3 378,269,444,330,3 478,334,535,391,3 676,31,774,139,3 730,107,830,206,3
NWPU/positive/115.jpg 530,252,632,370,3
NWPU/positive/116.jpg 509,173,606,273,3 670,266,757,359,3
NWPU/positive/117.jpg 313,165,417,235,3 465,179,532,229,3 467,278,534,331,3 355,288,412,330,3
NWPU/positive/118.jpg 486,142,583,242,3
NWPU/positive/120.jpg 172,149,277,259,3
NWPU/positive/123.jpg 80,38,312,403,6 397,188,467,256,3
NWPU/positive/124.jpg 772,310,867,401,3
NWPU/positive/125.jpg 286,180,390,292,3 511,332,617,438,3
NWPU/positive/126.jpg 426,167,525,277,3
NWPU/positive/129.jpg 577,121,660,204,3 782,169,874,270,3
NWPU/positive/130.jpg 719,363,790,437,3
NWPU/positive/131.jpg 373,548,472,651,3
NWPU/positive/132.jpg 210,538,312,649,3 534,550,601,619,3 720,111,821,230,3 97,247,467,439,6
NWPU/positive/133.jpg 259,248,423,350,5 433,233,536,381,5 567,512,614,540,9 693,498,747,523,9
NWPU/positive/134.jpg 21,173,117,298,5 130,183,223,297,5
NWPU/positive/135.jpg 229,291,409,423,5 144,387,356,521,5
NWPU/positive/137.jpg 19,206,154,360,5 147,185,278,346,5
NWPU/positive/138.jpg 219,190,418,388,5 329,227,536,439,5
NWPU/positive/139.jpg 7,182,138,290,5 43,222,179,336,5 80,265,220,384,5
NWPU/positive/140.jpg 288,83,401,126,4 291,132,405,179,4 106,86,183,189,5 180,84,258,186,5
NWPU/positive/143.jpg 263,387,358,444,5
NWPU/positive/144.jpg 321,225,431,278,5
NWPU/positive/145.jpg 551,194,665,271,5 528,242,645,323,5 491,306,553,397,4 549,326,612,417,4 433,418,509,510,4 494,439,569,534,4
NWPU/positive/146.jpg 231,444,296,552,5 301,442,367,548,5 118,255,212,288,4 109,216,200,245,4 99,179,189,209,4 92,143,178,172,4 82,111,169,140,4 78,77,158,106,4 379,1,552,107,3
NWPU/positive/147.jpg 107,307,261,378,5 101,384,250,459,5 505,167,590,267,4 571,151,653,249,4 632,134,720,232,4 692,124,778,215,4 753,107,840,196,4 810,95,904,184,4
NWPU/positive/148.jpg 419,319,528,446,5 199,348,275,467,4 287,349,362,470,4
NWPU/positive/149.jpg 177,110,267,214,5 538,316,621,439,4 619,317,707,438,4
NWPU/positive/150.jpg 152,394,233,502,5 221,401,299,504,5
NWPU/positive/152.jpg 348,297,469,367,5 366,350,495,436,5
NWPU/positive/153.jpg 75,203,176,305,5 160,231,255,336,5
NWPU/positive/156.jpg 271,125,376,182,5 261,187,376,245,5 249,280,308,381,4 313,278,369,380,4
NWPU/positive/157.jpg 160,245,339,401,5
NWPU/positive/158.jpg 79,345,160,445,5 129,306,223,409,5 187,275,285,372,5
NWPU/positive/159.jpg 554,355,651,415,5 688,309,786,371,5
NWPU/positive/161.jpg 37,401,133,466,5
NWPU/positive/162.jpg 334,183,424,282,5 391,236,495,314,5
NWPU/positive/163.jpg 304,142,423,205,5 317,208,399,310,5
NWPU/positive/164.jpg 227,113,344,206,5 157,178,281,271,5
NWPU/positive/165.jpg 114,248,271,436,8 423,166,578,387,8 859,74,990,222,8
NWPU/positive/166.jpg 123,305,264,390,8 198,203,296,292,8 256,49,385,166,8
NWPU/positive/167.jpg 272,188,426,265,8
NWPU/positive/169.jpg 353,130,509,340,8
NWPU/positive/170.jpg 340,186,600,312,8
NWPU/positive/171.jpg 294,242,597,458,8
NWPU/positive/173.jpg 89,454,243,530,8 149,318,300,375,8 212,182,348,249,8 245,105,367,167,8 263,48,385,126,8
NWPU/positive/174.jpg 240,154,440,247,8
NWPU/positive/175.jpg 182,126,462,274,8
NWPU/positive/177.jpg 87,219,308,421,8 365,251,681,507,8 674,186,860,313,8
NWPU/positive/178.jpg 289,227,488,328,8
NWPU/positive/179.jpg 241,221,493,418,8
NWPU/positive/180.jpg 199,201,310,382,8 324,166,510,410,8
NWPU/positive/181.jpg 306,182,460,396,8
NWPU/positive/183.jpg 224,123,587,367,8
NWPU/positive/186.jpg 136,122,345,266,8 355,287,479,437,8
NWPU/positive/187.jpg 353,196,556,376,8
NWPU/positive/189.jpg 196,100,378,343,8 244,150,440,392,8
NWPU/positive/190.jpg 306,182,439,278,8
NWPU/positive/192.jpg 21,206,206,406,8 513,259,647,400,8 913,165,1094,287,8
NWPU/positive/193.jpg 232,394,421,553,8 373,63,523,158,8
NWPU/positive/194.jpg 347,206,508,292,8
NWPU/positive/195.jpg 175,85,368,145,8 528,356,671,450,8
NWPU/positive/197.jpg 148,173,307,395,6
NWPU/positive/198.jpg 440,65,548,249,6
NWPU/positive/200.jpg 468,313,544,373,3 424,75,598,279,6
NWPU/positive/201.jpg 299,21,363,66,3 576,471,664,542,3 130,509,183,558,4 157,491,209,542,4 188,479,234,523,4 366,64,606,288,6
NWPU/positive/202.jpg 243,338,306,391,4 273,355,342,413,4 303,372,370,432,4 335,387,399,448,4 384,415,455,480,4 417,435,482,494,4 392,67,713,406,6
NWPU/positive/203.jpg 61,284,171,357,3 637,207,704,262,3 167,45,479,217,6
NWPU/positive/204.jpg 158,46,231,105,3 225,479,271,553,4 268,487,310,555,4 253,95,544,459,6
NWPU/positive/205.jpg 305,84,648,398,6 499,460,568,526,4 533,444,601,506,4 563,425,632,486,4 594,405,663,469,4 623,386,691,450,4 649,369,722,431,4 680,353,754,413,4
NWPU/positive/206.jpg 9,197,404,374,6
NWPU/positive/207.jpg 192,83,512,342,6 118,330,163,389,4
NWPU/positive/209.jpg 228,56,580,346,6 556,346,628,391,4
NWPU/positive/210.jpg 248,166,508,389,6
NWPU/positive/211.jpg 181,140,476,271,6
NWPU/positive/212.jpg 323,142,567,396,6
NWPU/positive/213.jpg 633,81,781,382,6
NWPU/positive/215.jpg 188,107,385,400,6
NWPU/positive/216.jpg 67,60,291,309,6 938,449,989,508,4 969,440,1021,497,4 995,431,1049,488,4 1033,418,1089,475,4 1048,497,1102,566,4 1079,493,1134,551,4 648,260,735,322,3 1017,325,1085,366,5
NWPU/positive/217.jpg 365,110,582,400,6
NWPU/positive/219.jpg 184,145,543,331,6
NWPU/positive/220.jpg 276,138,575,437,6
NWPU/positive/221.jpg 96,28,378,297,6
NWPU/positive/222.jpg 335,34,638,452,6 383,476,422,556,4 427,482,468,561,4 484,485,524,565,4 530,490,571,568,4
NWPU/positive/223.jpg 288,145,468,434,6
NWPU/positive/224.jpg 192,222,523,375,6
NWPU/positive/226.jpg 283,207,504,488,6 372,488,418,543,4 409,506,447,551,4 432,441,469,487,4 460,451,499,496,4 537,163,619,229,3 504,270,581,325,3
NWPU/positive/227.jpg 152,132,348,331,6
NWPU/positive/230.jpg 192,85,393,324,6
NWPU/positive/231.jpg 114,98,279,367,6 396,91,443,143,5 423,409,463,463,4
NWPU/positive/232.jpg 180,148,524,418,6
NWPU/positive/233.jpg 166,145,441,343,6 325,362,412,431,3 511,429,591,485,3 553,275,608,321,3 519,5,594,63,3
NWPU/positive/234.jpg 105,60,354,331,6 255,259,347,326,3 405,241,499,310,3 370,76,461,135,3
NWPU/positive/235.jpg 191,113,475,338,6
NWPU/positive/236.jpg 256,28,612,207,6 399,230,505,295,3 226,466,326,534,3
NWPU/positive/237.jpg 208,130,525,435,6
NWPU/positive/238.jpg 137,160,430,423,6 576,384,625,428,4 605,401,652,450,4 633,414,677,474,4 662,436,711,496,4 694,456,740,515,4 721,474,764,531,4 630,321,672,371,4 659,335,695,387,4 682,351,727,409,4 709,368,756,427,4 741,391,786,446,4 770,409,811,463,4 809,282,988,392,3
NWPU/positive/239.jpg 317,210,556,495,6 232,366,326,431,3 422,124,486,163,3 505,193,562,231,3
NWPU/positive/240.jpg 60,200,336,438,6
NWPU/positive/241.jpg 263,83,501,338,6
NWPU/positive/242.jpg 201,114,471,249,6 307,263,388,313,3 173,432,258,485,3
NWPU/positive/243.jpg 133,91,333,351,6
NWPU/positive/244.jpg 449,27,621,254,6
NWPU/positive/246.jpg 299,85,682,426,6 100,288,153,351,4 135,305,183,362,4 144,225,200,279,4 182,239,233,291,4 184,179,262,234,5 196,150,284,204,5
NWPU/positive/247.jpg 491,128,754,515,6 156,191,219,248,4 187,218,235,270,4 212,236,259,284,4 234,256,289,308,4 336,26,457,95,3 238,401,327,468,3 797,305,874,372,3
NWPU/positive/248.jpg 339,144,706,438,6
NWPU/positive/249.jpg 177,67,326,259,6 317,338,409,396,3
NWPU/positive/250.jpg 133,46,360,410,6 542,357,580,431,4 579,362,616,434,4 616,365,653,436,4 650,367,689,439,4 385,100,478,178,3 329,349,407,421,3 646,232,729,302,3
NWPU/positive/251.jpg 346,149,693,455,6 270,116,370,183,3 729,269,803,321,3
NWPU/positive/252.jpg 170,145,548,362,6 556,186,600,242,4 587,184,633,240,4 488,129,529,184,4 517,127,556,182,4 546,127,584,178,4 571,125,611,175,4 507,74,548,124,4 536,72,577,120,4 354,23,439,84,3
NWPU/positive/253.jpg 91,74,250,312,6 412,127,466,164,4 466,153,523,190,4 425,108,479,144,4 478,130,533,167,4 324,330,420,404,3
NWPU/positive/254.jpg 417,111,578,367,6 383,54,460,118,3 566,349,649,426,3 595,165,651,213,3 113,134,171,180,3 194,37,250,81,3
NWPU/positive/255.jpg 100,191,308,500,6 162,111,242,176,3
NWPU/positive/257.jpg 110,36,419,320,6 104,247,159,301,4 127,262,176,316,4 143,280,197,336,4 167,298,219,346,4 186,313,243,365,4 69,216,136,286,5
NWPU/positive/258.jpg 100,196,390,345,6 33,195,99,245,3 493,189,585,255,3
NWPU/positive/259.jpg 45,165,324,453,6 213,79,300,137,3
NWPU/positive/261.jpg 367,92,593,443,6 588,68,690,131,3 595,246,673,302,3
NWPU/positive/262.jpg 39,166,457,413,6 492,275,569,322,4 485,308,555,351,4 475,338,546,382,4 462,369,536,414,4 449,400,524,445,4 609,6,708,88,3 598,468,694,549,3 920,47,1001,106,3 953,433,1076,539,3
NWPU/positive/263.jpg 395,77,537,341,6 363,363,431,425,3
NWPU/positive/264.jpg 417,36,665,385,6 400,412,441,483,4 443,412,482,483,4 482,410,523,482,4 521,407,562,481,4 560,409,602,479,4 603,409,642,480,4 640,408,686,478,4
NWPU/positive/266.jpg 301,128,424,244,7 451,145,616,242,7 416,223,561,309,7 394,299,529,382,7 647,236,828,343,7 593,303,778,411,7
NWPU/positive/267.jpg 335,31,438,75,7 438,37,567,79,7 319,94,442,138,7 438,75,595,128,7 306,169,437,212,7 450,154,644,199,7 307,238,462,280,7 510,232,634,281,7 333,317,555,347,7 415,372,565,408,7 661,233,730,303,7 566,370,627,452,7
NWPU/positive/268.jpg 254,70,334,226,7 331,95,416,245,7 420,130,492,260,7
NWPU/positive/270.jpg 544,30,650,117,7 462,73,577,157,7 371,106,483,202,7 280,149,387,249,7 235,170,313,265,7
NWPU/positive/271.jpg 119,12,246,143,7 217,38,331,172,7 287,82,396,213,7 363,124,483,271,7 466,181,549,307,7 532,218,613,344,7 601,253,698,393,7
NWPU/positive/272.jpg 31,44,126,164,7 90,74,197,203,7 157,110,274,247,7 257,158,355,288,7 303,215,398,343,7
NWPU/positive/273.jpg 231,17,390,96,7 260,70,415,166,7 297,122,450,218,7 333,178,491,265,7 362,232,522,323,7 396,284,551,387,7 435,344,585,438,7 465,389,633,505,7
NWPU/positive/274.jpg 147,27,281,92,7 133,325,292,393,7 147,424,290,472,7 182,481,296,536,7
NWPU/positive/276.jpg 229,165,371,265,7 163,246,292,338,7 68,338,184,428,7
NWPU/positive/277.jpg 154,336,228,419,7 410,300,480,366,7 721,248,791,311,7 798,235,866,298,7 878,222,964,297,7 259,336,287,403,1 895,409,956,437,1 984,395,1040,415,1
NWPU/positive/278.jpg 291,156,387,287,7 409,163,481,268,7 502,168,564,254,7
NWPU/positive/280.jpg 261,147,385,214,7 281,201,414,270,7 302,249,436,321,7 323,294,449,364,7 342,349,446,410,7
NWPU/positive/281.jpg 348,64,481,128,7 337,149,502,210,7 342,200,519,264,7 348,264,540,322,7 355,321,537,393,7 388,397,564,474,7
NWPU/positive/282.jpg 323,21,498,113,7 331,72,502,148,7 525,27,657,104,7 356,130,545,226,7 785,25,942,92,7 771,107,947,182,7 753,196,928,274,7 767,289,885,360,7 580,180,626,270,1 87,394,133,447,4 123,386,168,434,4 97,463,147,521,4 133,449,179,509,4 174,438,219,496,4 207,429,252,485,4
NWPU/positive/283.jpg 21,184,58,268,7 71,183,114,279,7 121,182,165,278,7 179,180,220,272,7 236,178,279,269,7 295,172,347,265,7 357,166,410,265,7 423,167,479,258,7 511,162,573,258,7 585,154,662,259,7 694,163,765,251,7 777,157,843,248,7
NWPU/positive/284.jpg 463,99,589,140,7 488,157,609,229,7 501,222,617,281,7 511,263,636,324,7 517,314,654,374,7 528,365,667,419,7 537,408,683,484,7 408,29,509,96,7
NWPU/positive/285.jpg 439,292,474,417,1 591,409,637,486,1 772,681,833,773,1 894,74,972,161,1 956,360,1045,458,1 100,16,169,87,2 170,28,235,97,2 240,40,306,107,2 310,49,373,119,2 24,74,80,131,2 23,136,78,196,2 33,205,81,256,2 31,262,79,308,2 118,171,166,224,2 166,179,213,230,2 115,223,162,271,2 163,230,211,278,2 113,271,159,321,2 161,278,209,327,2 230,189,278,237,2 279,196,325,244,2 325,204,375,250,2 226,235,274,289,2 273,244,322,296,2 322,250,371,302,2 221,287,269,338,2 271,292,318,344,2 318,299,365,352,2 218,414,274,473,2 286,423,339,479,2 101,92,165,159,2 167,100,231,170,2 236,110,301,176,2 304,120,367,188,2 24,9,85,50,2
NWPU/positive/286.jpg 154,370,215,439,0 470,596,554,660,1 780,520,843,593,1
NWPU/positive/287.jpg 106,55,195,77,1 402,53,494,77,1 508,55,597,79,1 36,89,83,165,1 73,429,164,452,1 278,458,353,479,1 560,561,587,652,1 805,435,890,459,1 971,442,1036,506,1 527,129,579,181,2 526,186,579,236,2 524,238,576,288,2 669,188,718,237,2 669,239,717,289,2 732,231,786,283,2 792,232,844,283,2
NWPU/positive/288.jpg 355,191,426,222,1 114,517,183,557,1
NWPU/positive/289.jpg 113,327,170,369,1 651,642,698,692,2 686,612,733,658,2 719,647,766,694,2 683,678,730,727,2 739,270,763,295,2 755,255,777,280,2 769,272,792,296,2 752,287,777,311,2
NWPU/positive/290.jpg 231,256,268,326,1 198,395,250,461,1 153,610,201,673,1
NWPU/positive/291.jpg 97,285,166,314,1 324,214,370,286,1 455,184,512,245,1
NWPU/positive/293.jpg 612,127,652,177,1 504,619,540,684,1
NWPU/positive/294.jpg 89,73,151,127,1 329,322,391,378,1 967,285,1007,325,1 866,530,901,603,1
NWPU/positive/295.jpg 287,106,346,189,1 368,118,423,201,1 206,186,269,278,1 291,218,352,314,1 323,332,382,418,1 539,366,609,457,1 626,419,687,509,1 717,437,775,530,1
NWPU/positive/296.jpg 123,48,217,104,1 732,56,791,143,1 362,570,428,610,1 672,555,752,579,1
NWPU/positive/298.jpg 108,49,181,101,1 180,273,230,348,1 767,278,853,327,1
NWPU/positive/299.jpg 98,91,140,187,1 323,187,360,251,1 494,539,551,608,1 533,633,579,705,1
NWPU/positive/300.jpg 70,119,161,144,1 377,364,452,418,1 534,266,588,341,1
NWPU/positive/301.jpg 41,131,82,174,0 196,99,255,159,0 820,63,896,136,1 1031,474,1106,545,1
NWPU/positive/302.jpg 447,402,539,444,1 794,469,888,499,1
NWPU/positive/304.jpg 481,152,525,202,1 567,238,612,287,1 533,319,591,381,1 504,339,569,409,1 435,408,487,466,1 514,60,564,113,2 610,45,665,99,2 594,125,646,176,2 694,77,746,129,2 673,172,726,225,2 785,112,838,166,2 769,190,822,243,2 751,284,803,335,2 871,170,926,222,2 852,261,902,315,2 753,284,806,339,2 824,406,873,457,2 900,422,948,472,2 812,454,860,504,2 888,468,936,517,2 798,507,849,558,2 874,524,921,576,2 409,555,460,607,2
NWPU/positive/305.jpg 624,334,663,410,1 774,197,812,266,1 743,423,785,498,1 593,488,637,536,2 565,527,608,574,2 658,536,700,583,2 631,574,672,624,2 700,577,745,626,2 672,617,713,665,2 416,651,460,698,2 472,655,517,699,2
NWPU/positive/306.jpg 549,428,601,495,1
NWPU/positive/308.jpg 458,228,529,295,1 766,175,835,208,1 126,271,202,320,1 24,529,91,552,1 227,65,283,122,2 273,87,329,143,2 119,485,154,520,2 154,484,191,522,2 190,484,226,520,2 225,484,261,522,2 130,528,170,563,2 167,525,205,563,2 204,527,241,565,2 239,528,277,564,2 189,569,227,603,2 231,569,272,610,2 189,602,226,642,2 233,610,270,645,2 53,643,90,682,2
NWPU/positive/309.jpg 777,289,872,332,1 332,369,360,442,1 149,187,189,227,2 150,225,180,255,2 149,258,179,288,2 185,209,235,263,2 234,210,286,264,2 180,261,232,313,2 229,262,284,316,2 144,322,170,351,2 167,321,194,355,2 189,324,217,356,2 213,325,239,357,2 236,327,262,359,2 260,326,287,361,2
NWPU/positive/311.jpg 91,567,159,627,2 85,636,169,712,2 90,751,169,825,2 88,837,171,912,2 198,693,277,766,2 196,768,274,843,2 195,849,280,921,2 297,685,376,762,2 295,766,378,841,2 408,684,492,765,2 411,763,495,847,2 409,867,496,946,2 501,681,582,759,2 499,763,582,843,2 610,679,684,742,2 615,745,685,810,2 616,825,687,891,2 616,894,687,958,2 687,675,756,741,2 684,747,754,808,2 691,823,759,882,2 688,892,759,958,2 796,690,864,753,2 867,691,931,757,2 795,783,871,864,2 778,883,853,952,2 859,880,937,955,2 825,427,901,499,2 903,453,979,525,2 999,442,1078,522,2 1077,444,1158,522,2 954,297,1029,361,2 1078,333,1149,394,2 1176,262,1251,331,2 1258,292,1314,354,2 1233,342,1296,399,2 1306,333,1377,399,2 1009,661,1086,739,2 961,783,1029,841,2 961,835,1021,894,2 961,886,1029,949,2 1042,777,1104,837,2 1039,840,1104,894,2 1039,888,1104,942,2 1126,777,1204,849,2 1126,852,1203,918,2 1224,783,1290,843,2 1219,852,1287,912,2 1314,813,1393,889,2 1423,777,1489,831,2 1423,831,1483,891,2 1492,769,1566,826,2 1491,817,1563,882,2 1576,801,1642,862,2 1636,766,1704,829,2 451,300,549,411,1 730,58,843,186,1 1030,235,1098,300,2
NWPU/positive/312.jpg 409,192,478,258,2 483,189,555,258,2 598,192,670,262,2 598,261,663,330,2 709,114,787,186,2 706,192,780,262,2 685,264,757,333,2 834,102,916,177,2 837,181,916,253,2 832,258,913,333,2 958,100,1036,178,2 957,178,1036,253,2 954,258,1035,337,2 1087,103,1168,178,2 1089,181,1170,256,2 1090,259,1170,336,2 1195,97,1260,156,2 1198,153,1264,213,2 409,520,492,603,2 409,601,493,676,2 504,525,588,603,2 507,600,588,675,2 235,709,324,795,2 253,789,334,873,2 321,706,399,792,2 331,811,402,883,2 384,768,450,837,2 460,717,532,786,2 507,774,567,834,2 456,810,535,883,2 594,721,682,801,2 594,799,681,879,2 699,717,777,792,2 694,796,774,874,2 783,751,879,828,2 700,369,781,450,2 699,451,781,529,2 700,529,789,609,2 705,606,781,672,2 834,375,921,451,2 829,451,913,531,2 838,529,916,607,2 835,610,909,678,2 955,373,1041,451,2 957,451,1038,529,2 1108,381,1185,457,2
NWPU/positive/314.jpg 43,88,108,151,2 40,181,108,250,2 39,252,110,320,2 104,85,174,152,2 100,184,172,254,2 105,248,175,318,2 165,85,235,157,2 170,182,236,250,2 166,246,238,316,2 229,87,303,158,2 230,183,301,249,2 231,248,302,314,2 354,86,423,150,2 355,150,424,220,2 351,238,421,303,2 355,302,423,369,2 421,87,492,151,2 420,152,492,214,2 420,241,494,304,2 420,300,488,370,2 526,90,597,152,2 529,150,601,213,2 529,253,600,315,2 528,314,601,382,2 595,87,662,150,2 595,148,662,217,2 595,250,662,318,2 595,312,662,380,2 711,88,783,151,2 711,150,783,225,2 711,276,783,343,2 711,340,783,406,2 777,88,846,153,2 777,152,846,219,2 777,270,846,338,2 777,334,846,411,2 841,86,906,153,2 840,153,903,219,2 900,86,963,151,2 900,150,963,213,2 900,237,963,303,2 900,300,963,367,2 900,366,963,434,2 962,86,1034,148,2 962,150,1034,213,2 962,237,1034,303,2 962,300,1034,367,2 962,366,1034,434,2 1072,86,1143,148,2 1072,171,1143,236,2 1072,326,1143,392,2 1072,384,1143,447,2 1138,86,1207,148,2 1138,171,1207,236,2 1138,326,1207,392,2 1138,384,1207,447,2 1203,86,1272,148,2 1203,171,1272,236,2 1203,326,1272,392,2 1203,384,1272,447,2 1266,82,1339,148,2 1266,166,1336,240,2 1268,326,1334,388,2
NWPU/positive/316.jpg 804,247,867,315,2 769,321,837,390,2 740,399,807,469,2 880,279,945,348,2 852,354,915,422,2 814,434,883,501,2 955,307,1022,381,2 928,388,988,456,2 892,460,962,535,2 1045,444,1108,508,2 1022,490,1090,566,2 1003,541,1066,616,2 980,594,1048,668,2
NWPU/positive/317.jpg 610,151,662,205,2 679,122,730,171,2 607,230,656,279,2 667,203,719,247,2 748,182,792,221,2 544,585,588,630,2
NWPU/positive/318.jpg 383,230,443,297,2 442,262,491,315,2 497,285,546,337,2 570,308,620,362,2 595,234,647,290,2 681,270,731,321,2 696,318,733,357,2 654,342,705,392,2 671,452,716,497,2 595,509,627,544,2 542,384,596,436,2 517,459,566,511,2 469,359,518,410,2 441,430,491,483,2 390,312,454,378,2 376,378,428,434,2 359,433,410,487,2 339,301,389,355,2 322,352,371,401,2
NWPU/positive/319.jpg 190,157,222,194,2 220,135,254,168,2 247,163,280,197,2 213,188,247,221,2 458,380,491,412,2 552,346,584,381,2 630,320,666,357,2 648,353,682,392,2 816,458,848,497,2 837,495,868,531,2 872,500,908,541,2
NWPU/positive/320.jpg 318,117,362,168,1 722,395,764,436,2 664,401,716,449,2 615,414,668,465,2 569,432,618,479,2 522,447,569,495,2 476,462,525,509,2 440,478,468,504,2 416,485,444,511,2 392,494,418,519,2 444,504,475,531,2 416,510,447,540,2 391,521,417,549,2 741,444,792,493,2 691,459,742,506,2 642,479,694,523,2 593,493,642,538,2 529,513,561,541,2 503,522,532,550,2 473,530,504,559,2 446,542,475,568,2 542,541,571,571,2 509,550,539,580,2 482,559,511,588,2 453,569,483,598,2 801,490,830,522,2 813,517,843,549,2 773,498,804,528,2 785,526,817,557,2 746,508,775,538,2 759,535,788,565,2 720,517,750,547,2 733,545,761,575,2 680,529,711,561,2 655,540,683,573,2 626,551,656,580,2 637,578,666,610,2 597,556,629,587,2 608,588,639,618,2 569,568,600,597,2 581,596,610,627,2 531,584,561,612,2 541,611,570,642,2 503,594,534,621,2 512,620,543,653,2 474,604,504,633,2 484,634,512,663,2 444,612,473,643,2 455,642,483,675,2
NWPU/positive/321.jpg 601,433,634,532,1 708,392,748,433,2 757,398,801,439,2 690,493,723,528,2 726,496,760,534,2 762,500,797,537,2 809,506,846,546,2 847,515,883,551,2 910,521,944,560,2 685,527,719,566,2 723,535,758,571,2 761,542,795,576,2 808,548,844,583,2 845,548,880,588,2 905,563,942,602,2 682,566,717,603,2 717,573,755,610,2 756,579,791,613,2 807,582,841,621,2 843,588,877,629,2 912,611,951,653,2 687,614,734,668,2 739,620,787,676,2 793,632,842,683,2 844,638,890,688,2 910,660,948,703,2 683,667,727,720,2 732,678,781,728,2 790,686,839,736,2 841,694,890,745,2 906,717,947,757,2
NWPU/positive/322.jpg 242,174,301,233,2 301,184,359,245,2 362,194,411,246,2 253,234,303,285,2 306,247,356,297,2 358,246,408,296,2 436,288,479,332,2 393,309,434,353,2 432,332,472,376,2 685,289,737,343,2 740,286,792,334,2 795,283,850,337,2 753,337,803,385,2 685,355,736,405,2
NWPU/positive/323.jpg 813,462,856,508,2 786,395,831,444,2 768,443,810,490,2 703,341,745,387,2 686,386,728,433,2 650,333,692,382,2 626,376,664,418,2 522,247,558,286,2 508,285,544,323,2 486,232,522,272,2 470,271,508,308,2 454,308,491,348,2 252,124,277,150,2 243,145,267,171,2
NWPU/positive/324.jpg 350,38,389,72,2 402,38,445,76,2 502,44,531,73,2 600,47,633,78,2 659,49,694,83,2 719,67,755,100,2 530,78,555,102,2 361,92,400,131,2 404,108,445,138,2 501,108,531,137,2 602,102,632,130,2 659,102,694,135,2 234,224,270,261,2 291,203,324,236,2 335,227,371,261,2 420,226,456,259,2 474,225,508,257,2 532,225,565,257,2 584,226,618,257,2 646,228,679,260,2 223,286,255,317,2 279,284,308,309,2 190,313,224,342,2 280,316,307,342,2 324,295,371,338,2 422,269,457,302,2 471,270,505,305,2 560,271,591,303,2 611,274,642,305,2 700,245,733,282,2 735,277,770,311,2 661,296,695,329,2 424,321,456,353,2 472,320,506,353,2 537,320,570,346,2 590,320,632,352,2 145,387,172,413,2 185,386,210,412,2 232,370,257,396,2 279,365,307,391,2 322,367,347,389,2 352,367,375,390,2 279,397,306,424,2 323,397,348,420,2 352,397,376,421,2 140,458,165,483,2 174,458,200,486,2 210,458,236,484,2 262,457,300,493,2 310,454,347,492,2 481,494,570,512,1
NWPU/positive/325.jpg 467,90,505,127,2 525,90,563,127,2 568,90,607,127,2 626,90,664,127,2 683,91,721,127,2 727,89,767,127,2 383,128,423,166,2 443,128,483,166,2 490,128,527,166,2 547,128,584,166,2 605,130,642,166,2 647,129,685,165,2 706,130,744,165,2 349,157,390,196,2 349,203,390,243,2 511,454,625,474,1 905,478,975,545,1
NWPU/positive/326.jpg 266,47,323,97,2 342,47,391,97,2 403,45,455,97,2 448,45,501,95,2 498,45,544,91,2 414,138,466,187,2 482,140,539,187,2 340,203,395,251,2 486,201,540,248,2 413,198,468,252,2 275,264,323,315,2 318,265,367,313,2 360,267,409,314,2 433,261,491,313,2 496,262,552,312,2 303,327,339,361,2 302,355,338,391,2 341,328,379,361,2 342,355,378,389,2 382,327,420,361,2 379,353,419,391,2 428,329,484,383,2 491,332,549,387,2 358,403,420,460,2 363,470,422,525,2 432,403,489,459,2 433,470,490,527,2 490,403,548,455,2 495,470,553,524,2 265,428,319,535,1 411,593,510,621,1
NWPU/positive/327.jpg 122,97,176,144,2 187,86,245,136,2 325,150,378,203,2 511,144,559,189,2 511,181,559,223,2 514,220,559,264,2 481,268,536,325,2 482,320,536,375,2 529,269,584,326,2 533,323,587,374,2 580,270,635,325,2 579,320,638,377,2 650,261,688,294,2 683,260,722,296,2 659,297,714,346,2 809,136,869,187,2
NWPU/positive/328.jpg 173,80,275,120,4 167,129,273,168,4 163,175,270,211,4 155,223,266,263,4 317,78,418,114,4 315,123,422,162,4 313,167,425,208,4 312,214,426,260,4 460,73,565,110,4 463,116,571,153,4 466,162,574,205,4 468,209,577,250,4 602,70,709,108,4 609,114,717,151,4 615,157,728,198,4 621,202,736,247,4
NWPU/positive/329.jpg 59,82,100,137,4 97,75,145,129,4 110,126,157,185,4 153,116,197,167,4 196,109,244,162,4 121,184,167,242,4 162,169,215,222,4 207,168,259,218,4 253,162,306,212,4 171,226,224,281,4 220,228,275,283,4 269,229,324,284,4 330,193,395,252,4 211,329,272,397,4 316,334,378,402,4 474,374,522,420,4 706,229,759,283,4 752,215,809,270,4 803,222,855,275,4 844,230,901,287,4 732,292,779,345,4 773,288,824,342,4 820,280,869,342,4 967,376,1018,424,4
NWPU/positive/330.jpg 534,92,581,131,4 562,85,607,125,4 561,139,610,177,4 588,131,634,170,4 613,121,661,163,4 639,115,688,156,4
NWPU/positive/331.jpg 483,278,570,353,4 421,304,504,383,4 334,334,430,385,5
NWPU/positive/332.jpg 182,366,273,447,4 224,393,307,468,4 256,417,346,492,4 293,434,379,518,4 363,464,440,556,4 393,489,481,572,4 372,58,742,458,6
NWPU/positive/333.jpg 117,194,265,265,4 377,110,524,174,4 379,207,526,282,4 557,117,703,183,4 394,62,506,105,4
NWPU/positive/334.jpg 172,219,248,343,4 251,211,330,329,4
NWPU/positive/335.jpg 680,40,775,116,3 410,17,503,81,3 460,83,549,160,3 382,467,488,559,3 89,411,205,508,3 162,227,223,281,4 200,237,251,290,4 230,245,285,299,4 261,253,318,308,4 283,178,337,233,4 317,189,368,241,4
NWPU/positive/336.jpg 895,453,944,529,4 800,334,841,399,4 897,341,943,408,4 762,234,799,291,4 839,237,879,296,4 682,138,720,198,4 722,145,759,200,4 761,146,797,201,4 810,150,850,205,4 848,150,889,207,4
NWPU/positive/337.jpg 353,314,440,390,4 398,289,481,366,4 438,266,523,339,4
NWPU/positive/338.jpg 96,361,179,433,4 138,335,221,413,4 185,304,270,381,4 284,240,364,310,4 321,220,401,285,4 357,195,440,260,4 449,150,527,211,4 484,129,564,193,4 520,104,599,174,4 553,90,630,149,4 601,62,676,116,4 635,41,711,95,4
NWPU/positive/340.jpg 679,242,740,308,4 723,237,783,304,4 136,419,207,479,3
NWPU/positive/341.jpg 523,142,576,207,4 570,155,618,218,4 612,170,660,231,4 654,180,696,244,4 99,193,244,305,3 369,142,465,220,3
NWPU/positive/342.jpg 684,156,771,222,4 727,132,811,199,4 760,238,851,310,4 804,209,895,281,4
NWPU/positive/344.jpg 179,480,251,534,4 209,447,278,502,4 246,532,320,594,4 279,498,350,558,4 332,28,387,65,4 355,12,411,46,4 356,445,440,511,5 386,409,468,477,5 416,377,497,443,5 513,57,605,123,3
NWPU/positive/345.jpg 216,94,270,162,4 261,87,317,152,4 306,75,364,142,4 382,107,442,176,4 430,97,486,164,4 507,130,569,201,4 550,121,614,190,4 175,218,233,293,4 224,207,281,280,4 273,197,329,270,4 353,232,411,309,4 400,223,461,297,4 482,258,548,335,4 530,246,596,324,4 576,234,645,311,4 529,398,598,486,4 580,385,648,472,4 629,372,699,459,4
NWPU/positive/346.jpg 381,209,452,313,4 454,206,528,307,4
NWPU/positive/347.jpg 161,89,210,139,4 252,61,301,110,4 36,217,92,280,4 126,202,179,262,4 207,176,263,234,4 282,150,343,211,4 362,126,420,182,4 431,94,490,148,4
NWPU/positive/348.jpg 419,195,470,268,4
NWPU/positive/349.jpg 365,230,441,289,4 404,206,480,264,4
NWPU/positive/351.jpg 365,232,425,306,4 413,223,475,295,4
NWPU/positive/352.jpg 336,67,384,111,4 357,56,412,97,4 78,173,155,228,3 156,370,240,434,3
NWPU/positive/353.jpg 385,373,464,463,4 440,396,507,483,4 490,420,575,510,4 545,442,626,529,4
NWPU/positive/354.jpg 476,273,597,357,4 492,325,619,409,4 516,380,637,462,4 252,154,375,245,5
NWPU/positive/355.jpg 81,168,119,238,4 121,176,172,245,4 176,183,231,250,4 224,186,275,255,4 280,191,329,258,4 324,195,377,261,4 384,203,431,269,4 428,207,479,274,4 493,210,542,279,4 542,217,593,285,4 601,220,647,291,4 650,224,698,295,4 708,227,754,301,4 601,338,647,422,4 652,345,699,429,4 711,348,761,432,4 762,356,812,436,4
NWPU/positive/356.jpg 228,164,280,247,4 279,169,338,251,4 200,293,259,387,4 258,299,315,390,4
NWPU/positive/357.jpg 121,128,222,198,4 165,92,262,159,4
NWPU/positive/358.jpg 258,426,300,513,4 311,425,352,507,4 225,313,265,388,4 275,314,314,387,4 319,313,367,386,4 221,118,256,178,4 263,118,301,178,4 305,118,341,178,4 348,118,387,178,4 412,82,448,143,4 451,82,489,143,4 818,92,972,214,8
NWPU/positive/359.jpg 303,288,365,358,4 390,272,447,346,4 443,262,502,335,4 507,248,567,318,4 562,238,623,307,4 324,389,380,467,4
NWPU/positive/360.jpg 307,91,358,162,4 370,96,425,165,4 433,93,481,171,4 378,197,431,278,4 451,198,497,281,4 515,202,569,285,4 463,312,519,405,4 536,320,589,411,4 607,323,662,414,4
NWPU/positive/363.jpg 453,197,492,270,4 500,205,543,274,4 546,209,589,280,4 595,211,637,283,4
NWPU/positive/364.jpg 486,569,575,637,4 455,468,537,528,4 648,511,711,560,4 640,186,691,225,4 672,218,722,260,4 622,257,672,301,4 655,285,709,331,4 679,326,732,371,4 569,298,614,339,4 602,330,660,372,4 628,371,683,418,4 653,419,709,465,4 545,369,609,418,4 569,422,625,469,4 594,473,648,517,4
NWPU/positive/365.jpg 102,315,168,423,4 172,301,238,418,4 263,305,328,411,4 335,300,400,403,4 425,294,489,396,4 494,291,558,392,4 595,282,665,383,4 660,276,733,377,4 728,274,802,371,4 792,268,868,367,4
NWPU/positive/368.jpg 73,193,185,236,4 70,238,185,283,4 67,287,182,336,4 65,338,182,388,4
NWPU/positive/369.jpg 861,230,917,286,9 827,256,888,315,9 724,323,773,384,9
NWPU/positive/371.jpg 26,46,65,133,9 725,120,761,198,9 871,498,943,535,9
NWPU/positive/372.jpg 599,50,673,89,9 151,627,202,697,9 549,59,606,101,9
NWPU/positive/373.jpg 555,20,609,64,9 404,591,440,658,9
NWPU/positive/374.jpg 101,254,158,290,9 822,354,894,416,9
NWPU/positive/375.jpg 198,83,243,166,9 110,570,202,634,9
NWPU/positive/380.jpg 99,97,138,161,9 360,215,422,267,9
NWPU/positive/381.jpg 834,417,908,477,9 132,95,214,177,9
NWPU/positive/382.jpg 835,447,882,508,9 765,548,827,582,9
NWPU/positive/384.jpg 324,50,374,106,9 354,660,420,698,9
NWPU/positive/385.jpg 91,476,157,518,9 25,534,91,582,9 127,498,195,548,9
NWPU/positive/386.jpg 834,384,892,415,9 462,617,532,662,9
NWPU/positive/387.jpg 83,123,129,154,9 101,164,135,213,9 272,124,323,157,9 559,30,608,62,9 641,33,698,69,9
NWPU/positive/388.jpg 505,412,574,456,9 425,434,483,475,9 350,462,413,503,9 254,498,319,541,9
NWPU/positive/389.jpg 380,386,445,427,9 251,424,312,465,9 127,460,184,500,9 742,199,810,240,9
NWPU/positive/390.jpg 639,344,680,407,9 498,386,535,452,9 519,477,557,545,9 562,489,599,552,9 527,550,562,616,9
NWPU/positive/391.jpg 331,68,373,128,9 437,322,481,390,9 514,503,557,573,9 895,54,958,96,9
NWPU/positive/392.jpg 578,19,640,58,9 500,41,559,81,9 432,281,473,339,9 488,453,532,525,9 525,150,593,194,9
NWPU/positive/393.jpg 911,213,976,253,9 503,206,568,246,9 308,297,358,360,9 96,453,157,491,9 181,114,232,163,9
NWPU/positive/394.jpg 58,354,137,401,9 57,415,123,452,9 318,353,376,389,9 811,291,850,354,9
NWPU/positive/396.jpg 421,514,489,560,9 551,443,619,486,9 570,477,630,514,9 591,500,653,542,9 424,547,504,599,9
NWPU/positive/402.jpg 812,422,849,485,9 693,532,730,614,9
NWPU/positive/403.jpg 73,141,151,180,9 156,153,233,194,9 489,186,566,224,9 648,311,722,351,9
NWPU/positive/405.jpg 412,134,477,197,9 142,100,203,163,9
NWPU/positive/406.jpg 294,40,340,98,9 213,170,260,231,9 457,524,537,590,9
NWPU/positive/408.jpg 406,124,442,189,9 447,127,481,186,9
NWPU/positive/409.jpg 513,83,578,134,9 439,164,499,206,9 459,241,520,281,9 523,275,583,301,9 405,284,474,332,9 306,282,374,322,9 284,333,350,372,9 183,366,240,402,9 199,232,264,276,9 192,132,251,176,9
NWPU/positive/410.jpg 339,392,415,458,9 518,533,586,599,9
NWPU/positive/412.jpg 298,112,352,182,9 399,340,443,397,9 379,506,432,576,9
NWPU/positive/414.jpg 2,65,34,111,9 31,53,62,99,9 56,44,86,90,9 77,39,110,84,9 105,31,136,77,9 74,221,123,252,9 157,225,215,259,9 379,158,435,179,9
NWPU/positive/415.jpg 730,68,795,108,9 487,240,552,287,9 330,235,395,280,9 415,168,482,209,9 203,278,267,320,9 199,367,265,408,9 240,311,309,357,9
NWPU/positive/416.jpg 394,115,457,157,9 92,229,154,268,9 335,559,407,603,9 268,585,329,624,9 199,607,259,647,9
NWPU/positive/417.jpg 553,243,618,288,9 441,340,507,388,9 227,375,293,418,9 24,440,83,481,9
NWPU/positive/418.jpg 136,376,179,442,9 336,480,381,549,9 630,399,672,458,9 661,389,704,452,9 730,367,770,429,9 768,357,809,419,9 588,410,630,460,9
NWPU/positive/419.jpg 16,183,75,222,9 78,341,129,381,9 82,377,145,414,9 94,410,158,453,9 8,519,71,569,9
NWPU/positive/421.jpg 747,64,773,109,9 890,240,917,292,9 926,258,953,307,9 697,390,722,437,9 689,232,715,277,9 629,435,652,482,9 413,232,465,262,9 344,109,367,158,9 289,409,312,464,9 275,483,299,531,9 265,549,286,595,9 656,256,679,303,9 363,3,392,47,9 350,55,381,101,9 332,164,363,209,9 305,298,333,343,9 689,26,714,76,9 738,115,763,164,9 662,192,688,242,9 251,616,273,672,9
NWPU/positive/422.jpg 163,493,189,548,9 629,178,690,211,9 912,213,967,240,9 182,273,206,327,9 111,3,138,48,9 750,295,773,341,9
NWPU/positive/426.jpg 875,543,925,584,9 412,275,462,310,9 368,246,417,284,9 273,191,323,228,9 161,101,215,134,9 297,327,334,373,9 214,287,267,324,9 165,260,212,294,9 228,160,276,208,9 477,310,521,350,9 536,341,579,384,9 149,282,190,322,9 201,308,250,354,9
NWPU/positive/428.jpg 908,469,962,507,9 400,592,433,640,9 450,502,481,550,9 559,301,616,340,9 658,271,688,327,9 437,167,473,219,9 280,133,326,172,9 698,28,732,67,9 721,36,755,74,9 761,49,794,96,9 811,72,847,129,9 920,130,952,180,9 946,135,981,191,9 974,155,1004,207,9 998,173,1030,219,9 108,8,155,57,9 139,210,182,256,9 509,272,549,308,9 709,505,745,557,9 733,521,773,578,9 852,435,897,470,9 783,50,825,109,9 475,446,519,503,9
NWPU/positive/429.jpg 633,581,683,621,9 814,340,868,377,9 916,227,940,280,9 943,206,970,258,9 975,175,1002,233,9 942,57,985,112,9 879,138,934,165,9 699,308,760,334,9 642,362,700,389,9 613,387,665,413,9 678,103,717,153,9 655,121,696,168,9 606,150,648,200,9 591,169,626,215,9 565,182,606,231,9 544,197,586,249,9 524,221,564,266,9 498,292,543,335,9 506,318,548,356,9 527,338,570,378,9 558,362,585,416,9 591,359,614,403,9 612,327,638,382,9 501,395,548,439,9 482,368,525,407,9 456,349,507,397,9 438,329,487,375,9 418,308,474,352,9 406,285,458,323,9 398,256,445,294,9 391,229,435,258,9 374,199,428,232,9 352,335,410,368,9 350,378,392,415,9 395,409,460,463,9 442,204,484,251,9 468,185,509,232,9 516,157,552,201,9 536,142,572,185,9 553,118,593,172,9 577,109,617,157,9 598,87,639,141,9 547,50,589,102,9 505,92,539,135,9 479,105,515,149,9 431,131,470,180,9 404,143,446,197,9 126,387,154,449,9 202,416,232,459,9 465,456,515,505,9 525,445,577,467,9 578,445,627,466,9 605,419,652,440,9 495,658,539,703,9 640,316,666,356,9 673,290,698,333,9 676,338,730,363,9 728,228,753,273,9 730,284,785,306,9 568,38,608,77,9 599,28,633,68,9 625,75,661,116,9 907,111,958,139,9 843,166,899,191,9 790,613,834,667,9 475,253,521,296,9 504,240,542,279,9
NWPU/positive/430.jpg 336,329,390,367,9 337,505,374,557,9 502,180,539,231,9 630,135,681,173,9 670,72,712,111,9 642,101,700,146,9 684,42,724,74,9 621,165,660,193,9 458,264,489,311,9 431,322,461,367,9 281,627,312,663,9 279,410,329,447,9
NWPU/positive/431.jpg 337,227,373,272,9 388,131,424,181,9 261,561,308,599,9 770,585,820,625,9 825,611,877,643,9 605,65,653,93,9 595,117,634,144,9 562,132,606,162,9 551,154,590,181,9 540,175,583,207,9 519,196,568,232,9 511,222,552,255,9 498,248,540,281,9 489,270,529,303,9 531,283,580,320,9 526,311,568,343,9 466,313,510,349,9 509,333,555,370,9 289,306,329,353,9 170,520,202,563,9 861,516,915,550,9
NWPU/positive/432.jpg 718,293,751,346,9 781,271,815,332,9 970,235,1006,288,9
NWPU/positive/433.jpg 52,108,105,135,9 411,365,438,427,9 263,587,323,612,9 345,583,396,608,9 618,581,665,607,9 678,579,734,606,9 731,498,778,522,9 889,487,939,512,9 946,485,999,508,9 665,504,718,527,9 192,589,247,613,9
NWPU/positive/434.jpg 318,560,347,619,9 321,500,346,551,9 592,610,651,637,9 328,402,388,430,9 555,319,582,375,9 640,316,667,368,9 815,309,846,370,9 844,310,875,367,9 870,308,897,363,9 895,309,919,356,9 918,306,943,354,9 990,232,1017,277,9 848,74,885,117,9 820,68,853,110,9 412,596,463,622,9 233,336,255,384,9 310,331,332,370,9 362,326,393,379,9 524,325,550,368,9 587,326,607,364,9 615,326,641,370,9 766,316,787,364,9 793,316,815,361,9 307,71,339,123,9 813,416,860,437,9 992,87,1013,134,9 994,170,1018,219,9 411,570,455,592,9
NWPU/positive/435.jpg 1007,496,1039,538,9 951,390,989,438,9 888,284,923,331,9 241,161,288,203,9 101,597,150,646,9 359,71,402,109,9 794,124,832,161,9 830,188,867,227,9 860,234,896,278,9 981,449,1021,492,9
NWPU/positive/436.jpg 490,608,523,646,9 501,578,542,625,9 526,536,577,588,9 550,522,591,565,9 811,311,853,361,9 568,332,608,375,9 483,246,532,286,9 504,222,549,261,9 729,176,773,214,9 783,138,826,172,9 834,90,889,134,9 333,444,375,484,9 467,278,507,311,9
NWPU/positive/437.jpg 985,72,1022,128,9 874,270,934,310,9 912,319,967,358,9 773,320,821,355,9 780,379,826,414,9 732,401,777,434,9 615,384,667,422,9 613,450,664,487,9 556,475,608,513,9 286,597,339,633,9 290,532,338,569,9 195,484,234,540,9 159,381,191,437,9 148,253,174,312,9 81,98,110,157,9 41,641,97,663,9 106,623,151,646,9 399,485,449,512,9 568,413,615,437,9 953,242,1004,271,9 95,286,120,333,9
NWPU/positive/438.jpg 716,334,769,374,9 622,438,677,480,9 468,504,520,545,9 335,520,384,556,9 255,117,291,165,9 303,74,349,140,9
NWPU/positive/439.jpg 64,472,111,529,9 816,541,865,596,9 546,245,593,295,9 649,135,689,180,9 70,344,116,387,9 392,129,432,174,9 390,78,438,126,9
NWPU/positive/440.jpg 393,99,440,146,9 343,145,385,180,9 617,283,679,343,9 295,181,347,218,9 253,218,300,248,9 72,284,104,331,9
NWPU/positive/441.jpg 774,202,825,236,9 562,226,590,285,9 458,265,487,318,9 464,318,498,390,9 480,467,508,522,9 234,135,293,174,9 177,283,211,333,9 163,432,196,484,9 118,400,152,449,9 63,379,98,428,9 80,69,133,100,9 76,96,124,125,9 72,124,118,158,9 68,155,117,191,9 349,30,384,85,9
NWPU/positive/443.jpg 110,179,152,205,9 274,209,322,242,9 716,591,776,632,9 871,119,930,158,9 1028,68,1055,116,9 991,177,1018,230,9
NWPU/positive/445.jpg 142,520,170,588,9 490,442,546,477,9 171,398,232,437,9
NWPU/positive/446.jpg 661,92,709,149,9 985,519,1029,570,9 730,303,770,337,9 869,358,912,403,9
NWPU/positive/447.jpg 255,251,317,280,9 513,194,574,222,9 904,214,961,242,9 699,184,763,203,9
NWPU/positive/448.jpg 180,268,232,295,9 374,256,436,283,9 442,254,492,280,9 652,261,709,290,9 769,202,800,253,9 949,352,994,378,9 121,277,178,296,9 527,255,570,278,9 586,257,631,284,9
NWPU/positive/449.jpg 109,293,138,342,9 246,385,296,411,9 449,277,497,306,9 472,335,512,357,9 527,175,589,204,9 598,293,655,320,9 789,206,845,233,9 874,197,941,232,9 467,381,516,402,9
NWPU/positive/451.jpg 547,152,577,211,9 555,469,588,532,9 645,631,699,666,9 489,122,518,173,9 482,340,515,396,9
NWPU/positive/452.jpg 918,169,959,221,9 817,345,851,392,9 775,418,811,463,9 925,223,955,271,9 717,482,767,545,9
NWPU/positive/453.jpg 129,166,163,213,9 514,221,571,261,9 757,342,813,379,9 472,196,507,233,9 428,174,478,218,9 151,378,195,418,9 107,498,150,538,9
NWPU/positive/454.jpg 84,508,131,567,0 156,311,211,352,0 350,249,405,297,0 599,68,639,114,0 650,47,683,87,0 698,48,747,97,0 761,135,802,166,0 725,189,782,231,0 679,251,763,300,0 684,389,747,446,0 759,463,823,511,0 861,16,930,60,0
NWPU/positive/455.jpg 230,233,289,303,4 276,212,338,278,4 400,153,460,213,4 444,132,505,193,4
NWPU/positive/456.jpg 293,98,453,360,6
NWPU/positive/457.jpg 203,169,264,244,5 273,169,334,241,5 339,165,400,240,5
NWPU/positive/459.jpg 490,77,713,451,6
NWPU/positive/460.jpg 111,22,260,268,6
NWPU/positive/461.jpg 310,91,494,413,6
NWPU/positive/462.jpg 110,27,188,82,3 175,177,262,247,3 83,412,152,463,3 390,138,560,397,6
NWPU/positive/463.jpg 764,109,847,173,3 546,219,641,299,3 815,343,867,384,3 337,102,492,427,6
NWPU/positive/464.jpg 146,164,218,220,3 320,41,409,104,3 307,270,406,343,3 437,71,610,352,6
NWPU/positive/465.jpg 325,150,692,315,6
NWPU/positive/466.jpg 357,198,635,330,6 311,75,391,131,3 184,246,250,297,3 301,362,370,427,3 82,255,133,294,3
NWPU/positive/467.jpg 210,90,446,331,6
NWPU/positive/468.jpg 200,84,475,332,6
NWPU/positive/470.jpg 190,169,367,456,6
NWPU/positive/472.jpg 119,222,219,293,3 179,124,500,235,6
NWPU/positive/473.jpg 72,167,126,239,5 134,163,185,233,5 65,247,118,316,5 127,239,182,311,5 57,327,111,405,5 120,318,175,395,5
NWPU/positive/475.jpg 364,96,521,371,6
NWPU/positive/477.jpg 278,43,362,104,3 266,131,442,391,6
NWPU/positive/478.jpg 248,89,302,140,3 442,305,536,379,3 217,140,556,280,6
NWPU/positive/479.jpg 342,126,427,197,3 668,111,744,171,3 298,228,678,395,6
NWPU/positive/480.jpg 362,265,411,306,3 503,242,575,298,3 690,119,835,344,6
NWPU/positive/481.jpg 404,96,482,154,3 346,274,435,350,3 78,78,273,354,6
NWPU/positive/483.jpg 924,96,1009,160,3 932,182,998,236,3 754,116,936,382,6 97,390,373,487,8
NWPU/positive/484.jpg 483,61,569,124,3 630,43,695,92,3 608,121,840,383,6
NWPU/positive/485.jpg 814,25,885,76,3 413,158,512,235,3 657,142,754,217,3 186,7,373,285,6
NWPU/positive/486.jpg 555,373,665,457,3 578,58,804,263,6
NWPU/positive/487.jpg 295,256,595,522,6
NWPU/positive/488.jpg 347,36,396,102,4 392,30,441,94,4 372,122,426,191,4 415,113,471,182,4 420,290,527,349,5 449,387,558,455,5
NWPU/positive/489.jpg 634,118,739,200,3 329,310,370,396,4 388,311,433,397,4 451,314,495,400,4 511,316,555,398,4 193,354,288,411,5
NWPU/positive/490.jpg 720,24,797,42,1 867,99,953,120,1 221,95,257,119,1 167,249,225,275,1 135,437,206,461,1 471,185,541,230,1 681,214,753,253,1
NWPU/positive/491.jpg 322,57,428,97,8 551,314,674,516,8
NWPU/positive/493.jpg 602,260,640,315,4 634,260,674,315,4 614,330,652,387,4 647,330,686,386,4 268,100,655,238,6
NWPU/positive/495.jpg 221,287,344,416,3 508,34,763,327,6
NWPU/positive/496.jpg 290,89,355,119,4 290,124,355,151,4 290,157,353,186,4 376,88,439,117,4 458,85,523,112,4 272,204,339,238,5 275,238,337,271,5 272,274,337,307,5 273,308,338,344,5 75,91,250,374,6
NWPU/positive/499.jpg 554,180,650,222,5 561,277,660,328,5
NWPU/positive/500.jpg 74,100,119,153,1 208,158,286,195,1 473,49,557,91,1 388,273,510,324,1 542,460,653,516,1 793,228,879,286,1 954,81,1032,126,1
NWPU/positive/501.jpg 63,245,121,318,1 363,102,401,174,1 509,31,543,99,1 467,250,517,331,1 751,269,786,354,1 987,104,1056,170,1 963,332,1023,406,1
NWPU/positive/502.jpg 442,61,474,132,1 653,200,724,264,1 436,379,524,473,1
NWPU/positive/504.jpg 28,118,78,159,1 137,226,199,263,1 333,154,397,188,1 292,370,371,416,1 557,88,644,123,1 613,407,695,453,1 739,99,826,135,1 868,463,951,496,1 1009,58,1077,91,1 1083,185,1160,215,1 1155,448,1259,483,1
NWPU/positive/507.jpg 93,117,130,169,1 95,274,161,313,1 260,81,316,121,1 311,372,351,416,1 202,486,260,550,1 359,72,390,128,1 453,197,479,260,1 533,14,583,65,1 598,118,634,173,1
NWPU/positive/508.jpg 74,66,120,103,1 138,250,186,358,1 245,115,281,162,1 383,23,422,70,1 409,132,442,165,1 662,31,687,75,1 573,191,615,264,1 650,135,684,198,1 654,423,747,491,1 790,18,813,60,1 865,169,898,235,1 809,401,866,505,1 393,496,439,588,1
NWPU/positive/509.jpg 92,394,155,430,1 276,144,319,170,1 364,139,427,159,1 514,88,572,123,1 1008,354,1071,390,1
NWPU/positive/510.jpg 234,132,306,183,0 298,133,374,204,0 449,136,524,203,0 538,139,585,191,0 599,137,674,205,0 144,279,203,345,0 215,280,277,347,0 286,276,351,347,0 559,284,613,351,0 622,286,679,354,0
NWPU/positive/511.jpg 59,452,101,517,1 258,244,283,287,1 291,395,319,445,1 521,156,553,208,1 489,406,516,460,1 649,67,709,105,1 673,184,710,222,1 912,124,981,156,1 1061,127,1123,153,1 784,276,835,343,1 1027,276,1120,325,1 1043,445,1098,486,1
NWPU/positive/512.jpg 86,67,123,125,1 189,333,248,429,1 386,215,408,271,1 445,398,488,510,1 587,98,622,168,1 573,254,593,314,1 788,73,822,141,1 798,269,829,370,1
NWPU/positive/513.jpg 59,115,121,159,1 120,362,174,406,1 666,359,705,398,1 825,44,886,88,1 815,261,879,319,1 794,449,833,488,1 931,409,976,453,1 1059,212,1127,275,1 1061,357,1119,407,1 1131,501,1170,540,1 1117,18,1161,61,1 651,517,705,556,1
NWPU/positive/516.jpg 98,20,168,64,0 109,71,178,118,0 92,128,172,177,0 87,186,166,238,0 82,247,160,304,0 36,330,129,404,0 659,63,719,102,0 823,392,908,467,0 1048,391,1131,468,0
NWPU/positive/517.jpg 90,159,165,205,1 364,45,442,81,1 214,267,293,297,1 107,484,195,519,1 437,267,483,314,1 428,467,504,541,1 597,48,655,72,1 601,215,676,252,1 857,103,909,129,1 764,419,821,443,1
NWPU/positive/519.jpg 30,146,96,186,1 238,35,302,73,1 186,209,282,264,1 315,330,404,388,1 493,143,559,189,1 611,19,675,51,1 900,39,951,68,1 863,215,916,246,1
NWPU/positive/520.jpg 703,66,790,112,1 844,121,933,173,1 884,329,939,369,1
NWPU/positive/522.jpg 124,268,271,373,7 71,343,226,445,7 468,57,552,134,7 590,52,656,140,7 695,46,761,137,7 778,36,853,127,7 861,31,932,117,7 929,15,983,110,7 831,268,896,384,7 937,242,1044,292,7 919,324,1070,374,7
NWPU/positive/523.jpg 294,54,330,157,7 180,126,330,159,7 170,196,323,250,7 158,283,281,323,7 299,274,486,306,7 371,27,477,64,7 366,94,490,147,7 357,183,490,240,7 534,28,655,88,7 547,126,673,185,7 555,220,685,276,7 560,315,694,374,7 563,410,755,447,7
NWPU/positive/524.jpg 308,139,532,382,6
NWPU/positive/525.jpg 427,188,496,239,3 332,362,433,444,3 534,125,715,410,6
NWPU/positive/526.jpg 227,126,297,218,1 376,335,475,416,1 450,308,621,382,1 773,343,922,378,1 758,446,912,484,1 635,306,738,537,8
NWPU/positive/527.jpg 28,15,119,56,1 39,63,101,98,1 123,44,197,75,1 195,64,273,101,1 249,140,351,192,1 375,202,470,266,1 504,202,581,255,1 607,264,722,343,1 745,355,862,451,1 718,430,815,538,1
NWPU/positive/529.jpg 684,385,797,490,3 84,68,218,236,8 877,109,1015,258,8
NWPU/positive/531.jpg 38,195,127,278,8 444,52,546,123,8 968,263,1048,358,8 1103,260,1168,329,8 1164,194,1237,278,8
NWPU/positive/532.jpg 470,69,533,135,0 551,103,617,171,0 627,156,695,229,0 704,206,774,285,0 794,240,871,316,0 192,302,268,354,0 126,378,212,444,0 58,456,141,525,0 489,403,518,431,1 488,437,518,465,1
NWPU/positive/533.jpg 65,274,193,377,7 164,225,271,328,7 250,173,348,277,7 329,140,415,222,7 428,28,508,166,7 513,34,579,172,7 577,39,640,170,7 640,43,694,169,7 696,40,742,170,7 748,44,787,176,7 793,41,833,178,7 835,40,878,181,7 672,195,836,232,7 674,232,937,284,7 672,284,934,338,7 675,344,945,396,7 667,405,951,470,7 663,479,962,542,7
NWPU/positive/534.jpg 132,49,235,74,7 136,87,237,122,7 133,142,234,182,7 126,213,234,256,7 111,292,226,345,7 98,385,200,464,7 365,25,423,88,7 441,21,494,101,7 390,120,495,161,7 829,302,901,343,7 823,365,921,408,7 836,433,948,491,7
NWPU/positive/535.jpg 181,213,259,270,7 114,277,233,323,7 266,199,351,324,7 369,204,455,339,7 90,337,323,397,7 487,220,547,331,7 564,233,627,371,7 445,371,641,441,7 653,210,712,405,7 902,80,1059,211,7 797,159,991,354,7 958,210,1136,361,7
NWPU/positive/536.jpg 51,85,101,238,7 127,79,194,221,7 236,70,385,207,7 339,33,526,180,7 71,353,337,416,7 93,457,154,548,7 183,450,251,570,7 276,443,347,591,7 357,275,417,406,7 463,179,530,258,7 550,164,622,263,7 639,163,706,290,7 719,175,775,313,7 790,189,848,328,7 852,231,938,366,7 832,386,945,437,7 829,463,952,520,7 778,519,955,591,7
NWPU/positive/537.jpg 17,161,109,293,7 130,172,219,316,7 249,149,304,314,7 329,140,376,313,7 406,145,454,310,7 476,141,532,273,7 552,139,617,297,7 629,133,701,286,7 722,169,814,306,7 790,215,917,340,7 858,291,993,368,7 891,386,1023,436,7 913,469,1021,512,7
NWPU/positive/538.jpg 194,49,391,115,8 270,386,484,474,8
NWPU/positive/539.jpg 144,180,294,432,8 857,139,1005,335,8
NWPU/positive/540.jpg 89,109,231,268,8 1082,135,1224,268,8
NWPU/positive/541.jpg 9,132,197,275,8 952,194,1081,313,8
NWPU/positive/543.jpg 217,134,374,256,3 406,186,464,246,4 439,207,503,270,4 472,231,549,305,5 519,254,594,329,5
NWPU/positive/544.jpg 150,134,304,261,8 793,186,900,321,8
NWPU/positive/545.jpg 228,230,535,385,6
NWPU/positive/546.jpg 448,27,504,61,3 287,96,501,307,6
NWPU/positive/547.jpg 175,327,273,503,8 477,323,568,477,8 915,68,1026,162,8
NWPU/positive/548.jpg 90,222,171,345,8 489,111,667,266,8 1013,81,1134,167,8
NWPU/positive/549.jpg 135,267,205,321,3 585,30,728,168,8
NWPU/positive/550.jpg 74,273,243,404,8 833,61,1012,162,8
NWPU/positive/551.jpg 283,280,441,386,8 580,177,744,318,8
NWPU/positive/552.jpg 387,155,519,302,8 531,122,660,245,8
NWPU/positive/553.jpg 341,52,598,206,8 319,358,542,500,8
NWPU/positive/554.jpg 505,80,603,164,3 530,230,602,316,4 484,246,553,330,4 436,260,505,346,4 388,275,457,361,4 266,286,370,359,5 164,317,264,386,5
NWPU/positive/555.jpg 45,118,167,216,8 845,118,944,265,8
NWPU/positive/556.jpg 108,199,179,246,3 258,284,319,336,3 525,332,593,399,3 129,330,352,492,6
NWPU/positive/557.jpg 108,287,351,422,8 818,58,934,232,8
NWPU/positive/558.jpg 287,17,537,107,8 285,280,545,361,8 315,417,533,499,8
NWPU/positive/559.jpg 56,117,215,239,8 611,38,694,183,8 953,46,1092,182,8
NWPU/positive/561.jpg 418,76,613,129,8 452,437,669,545,8
NWPU/positive/562.jpg 82,206,218,373,8 555,104,667,296,8 1115,169,1189,342,8
NWPU/positive/563.jpg 102,380,163,433,0 87,519,159,574,0 188,383,252,444,0 284,372,340,431,0 202,223,252,274,0 279,173,337,228,0 394,84,444,128,0 598,22,663,69,0 585,139,654,194,0 697,177,745,229,0 796,160,854,216,0 727,349,794,415,0 939,233,1000,287,0 914,304,983,357,0
NWPU/positive/568.jpg 749,385,893,508,3 335,274,395,330,4 364,292,424,348,4 393,308,454,367,4 414,196,469,247,4 443,211,496,263,4 472,229,528,279,4 40,18,403,249,6
NWPU/positive/569.jpg 462,190,557,270,3 672,144,732,211,5 691,214,784,260,5
NWPU/positive/570.jpg 157,252,259,336,3 414,37,561,155,3 596,225,732,348,3 401,200,448,273,5 459,201,506,272,5 401,297,438,365,4 443,296,479,363,4 485,295,521,363,4
NWPU/positive/571.jpg 250,200,290,248,5 292,200,332,250,5
NWPU/positive/573.jpg 124,125,183,186,3 432,260,677,385,6 688,272,740,323,3
NWPU/positive/574.jpg 68,289,133,347,0 271,202,319,255,0 302,18,350,69,0 381,15,429,64,0 706,97,764,148,0 591,351,653,402,0 830,308,899,365,0 861,393,944,455,0 811,455,883,536,0
NWPU/positive/575.jpg 236,173,309,232,3 264,379,388,479,3 340,42,566,295,6
NWPU/positive/576.jpg 318,111,402,176,3 348,267,433,342,3 209,291,296,370,3 84,113,292,355,6
NWPU/positive/578.jpg 585,184,665,256,3 207,246,360,364,3 746,223,837,298,3 197,48,277,107,3 379,340,439,407,4 419,351,476,422,4
NWPU/positive/579.jpg 174,157,256,223,3 435,92,543,184,3 241,313,318,380,3 502,315,574,380,3 28,322,75,388,5 67,323,113,387,5 603,15,830,104,6
NWPU/positive/580.jpg 603,38,675,102,3 745,127,809,190,3 470,98,552,169,3 412,265,494,339,3 125,265,260,399,3
NWPU/positive/581.jpg 63,188,131,252,3 57,27,294,133,6
NWPU/positive/582.jpg 263,69,345,133,3 553,73,742,268,8 898,314,996,395,3 95,202,320,446,6
NWPU/positive/583.jpg 378,95,553,180,8 436,323,551,394,8
NWPU/positive/584.jpg 210,199,287,263,3 400,241,448,282,3 655,40,734,100,3 730,126,791,171,3 57,348,117,398,3
NWPU/positive/585.jpg 260,132,385,206,8
NWPU/positive/586.jpg 107,138,225,242,3 305,149,399,224,3 583,186,669,260,3 452,167,527,203,4 453,200,527,235,4 453,235,526,270,4 454,269,529,305,4 453,305,529,340,4
NWPU/positive/587.jpg 551,108,655,181,3 83,42,141,96,3 283,200,613,530,6
NWPU/positive/589.jpg 363,172,740,325,6 508,29,586,93,3 676,13,774,87,3 934,279,1012,350,3 234,186,298,244,3 112,368,218,461,3 741,201,800,229,4 748,224,804,251,4 755,244,813,277,4 763,271,822,301,4
NWPU/positive/590.jpg 216,41,318,123,3 300,94,487,422,6
NWPU/positive/593.jpg 806,275,927,391,3 432,180,512,268,4 386,207,465,296,4 506,286,616,395,5 445,319,554,436,5
NWPU/positive/594.jpg 344,129,516,423,6 210,84,293,158,3 78,253,174,347,3
NWPU/positive/595.jpg 725,21,798,77,3 528,83,597,136,3 365,202,467,291,3 446,371,522,443,3 96,240,171,315,3 328,406,397,475,3
NWPU/positive/597.jpg 416,44,612,378,6 608,49,682,108,3
NWPU/positive/598.jpg 310,125,393,199,3 335,211,388,257,3 154,176,237,246,3 221,251,272,302,3 319,312,370,361,3
NWPU/positive/599.jpg 229,77,425,447,6 485,89,595,186,3
NWPU/positive/601.jpg 211,104,425,383,6
NWPU/positive/602.jpg 317,58,477,325,6
NWPU/positive/603.jpg 222,77,286,131,3 455,175,531,237,3 557,135,663,225,3 580,250,656,314,3 476,267,549,334,3 233,209,314,276,3 240,314,364,423,3 627,376,683,432,3
NWPU/positive/604.jpg 292,201,386,240,5 290,236,387,275,5 296,16,352,86,8 653,36,680,111,8
NWPU/positive/605.jpg 408,66,746,278,6 274,210,394,304,3 78,310,167,391,3
NWPU/positive/607.jpg 313,150,348,208,4 351,154,388,209,4 390,155,426,210,4 296,228,333,288,4 337,231,371,290,4 376,233,411,292,4 570,258,605,323,4 604,261,642,324,4 648,275,692,335,5
NWPU/positive/608.jpg 337,73,517,215,3 176,336,252,435,5 240,336,305,433,5 296,336,368,434,5 388,335,442,432,4 445,334,500,430,4 502,334,557,430,4 563,334,620,430,4
NWPU/positive/609.jpg 114,126,627,366,6 841,147,932,188,5 852,186,948,230,5 878,238,959,275,4 890,284,973,321,4
NWPU/positive/610.jpg 395,126,485,205,4 298,191,415,289,5
NWPU/positive/611.jpg 198,13,663,308,6 680,226,787,325,3 70,150,231,274,3 665,422,759,489,5 754,436,854,509,5
NWPU/positive/612.jpg 373,40,832,405,6 318,338,370,415,5 274,336,326,418,5 230,338,282,418,5 185,338,239,418,5
NWPU/positive/613.jpg 399,51,558,178,3 574,318,684,422,3 287,104,369,180,5 242,141,322,222,4
NWPU/positive/615.jpg 691,143,811,248,3 315,266,363,343,4 267,263,317,340,4 221,261,266,340,4 163,256,226,342,5
NWPU/positive/617.jpg 313,44,400,111,3 303,130,481,391,6
NWPU/positive/618.jpg 170,313,209,381,4 212,314,252,382,4 137,447,179,523,4 181,449,226,524,4 498,169,576,211,5 521,70,571,131,5 611,23,683,61,5 608,59,681,100,5 364,164,446,234,3
NWPU/positive/619.jpg 158,130,355,297,3 424,159,485,247,4 477,173,546,263,4 537,194,617,292,5 604,207,685,309,5
NWPU/positive/620.jpg 315,108,591,417,6
NWPU/positive/621.jpg 259,83,501,371,6
NWPU/positive/622.jpg 331,114,615,421,6
NWPU/positive/623.jpg 500,65,776,388,6 135,25,212,89,3 343,27,442,112,3 236,93,330,171,3 324,273,454,380,3
NWPU/positive/624.jpg 81,106,162,203,7 194,106,264,199,7 304,100,371,184,7 394,97,453,190,7 488,104,546,192,7 649,100,734,212,7 795,110,874,214,7 925,113,1006,220,7
NWPU/positive/625.jpg 538,56,741,405,6 125,219,240,323,3
NWPU/positive/626.jpg 450,126,654,208,8
NWPU/positive/627.jpg 165,86,509,315,6
NWPU/positive/629.jpg 244,142,496,323,6 436,52,505,108,3
NWPU/positive/630.jpg 300,51,495,287,6 365,319,458,405,3
NWPU/positive/631.jpg 559,120,665,202,3 697,144,787,222,3 494,283,607,381,3 85,269,212,383,3 419,171,479,244,5 322,167,405,205,4 318,205,404,242,4 207,167,294,201,4 201,203,288,239,4
NWPU/positive/632.jpg 496,81,727,401,6 352,231,435,303,3 431,389,518,470,3 83,268,195,369,3
NWPU/positive/633.jpg 236,73,380,375,6 405,305,497,394,3 254,378,320,442,3
NWPU/positive/634.jpg 647,67,760,171,3 177,15,485,380,6
NWPU/positive/635.jpg 534,59,678,189,3 232,283,301,378,5 185,297,240,382,5
NWPU/positive/637.jpg 256,148,581,268,6 582,50,664,109,3 256,84,329,144,3 53,139,139,203,3 713,184,793,246,3
NWPU/positive/638.jpg 148,83,437,174,8 192,233,394,324,8
NWPU/positive/639.jpg 295,35,550,293,6 455,319,556,416,3
NWPU/positive/640.jpg 302,94,343,161,4 349,97,389,161,4 395,98,434,163,4 440,99,483,167,4 337,191,379,264,4 385,192,428,264,4 434,194,478,268,4 483,195,525,269,4 528,197,573,273,4 359,299,406,378,4 407,301,453,381,4 450,302,497,382,4 515,291,624,351,5
NWPU/positive/641.jpg 547,39,618,94,3 640,272,776,385,3 223,71,559,352,6
NWPU/positive/642.jpg 290,31,575,308,6
NWPU/positive/643.jpg 277,161,322,244,4 325,164,374,247,4 377,167,426,250,4 443,165,508,264,5
NWPU/positive/645.jpg 648,184,738,268,3 390,93,615,386,6
NWPU/positive/646.jpg 716,23,844,112,3 399,115,448,186,5 348,115,401,189,5 289,361,397,457,3
NWPU/positive/647.jpg 159,80,364,469,6 478,283,551,354,3
NWPU/positive/648.jpg 399,20,478,82,3 458,164,551,243,3 635,423,711,493,3 256,84,429,381,6
NWPU/positive/650.jpg 480,141,547,234,5 541,137,611,231,5